300	0.001	0.007226
309.8	0.03103	993.4
319.7	0.06106	989.6
329.5	0.09109	985
339.3	0.1211	979.9
349.1	0.1511	974.3
359	0.1812	968.1
368.8	0.2112	961.5
378.6	0.2412	954.4
388.5	0.2713	946.9
398.3	0.3013	938.9
408.1	0.3313	930.6
417.9	0.3613	1.939
427.8	0.3914	2.05
437.6	0.4214	2.155
447.4	0.4514	2.256
457.3	0.4815	2.352
467.1	0.5115	2.444
476.9	0.5415	2.532
486.7	0.5716	2.616
496.6	0.6016	2.696
506.4	0.6316	2.773
516.2	0.6616	2.848
526.1	0.6917	2.919
535.9	0.7217	2.987
545.7	0.7517	3.053
555.5	0.7818	3.117
565.4	0.8118	3.178
575.2	0.8418	3.237
585	0.8718	3.294
594.8	0.9019	3.349
604.7	0.9319	3.402
614.5	0.9619	3.454
624.3	0.992	3.504
634.2	1.022	3.552
644	1.052	3.599
653.8	1.082	3.644
663.6	1.112	3.688
673.5	1.142	3.73
683.3	1.172	3.772
693.1	1.202	3.812
703	1.232	3.851
712.8	1.262	3.888
722.6	1.292	3.925
732.4	1.322	3.961
742.3	1.352	3.996
752.1	1.382	4.03
761.9	1.412	4.063
771.8	1.442	4.095
781.6	1.472	4.126
791.4	1.502	4.157
801.2	1.532	4.187
811.1	1.563	4.216
820.9	1.593	4.244
830.7	1.623	4.272
840.6	1.653	4.299
850.4	1.683	4.325
860.2	1.713	4.351
870	1.743	4.376
879.9	1.773	4.401
889.7	1.803	4.425
899.5	1.833	4.448
909.4	1.863	4.471
919.2	1.893	4.494
929	1.923	4.516
938.8	1.953	4.537
948.7	1.983	4.558
958.5	2.013	4.579
968.3	2.043	4.599
978.2	2.073	4.619
988	2.103	4.639
997.8	2.133	4.658
1008	2.163	4.676
1017	2.193	4.695
1027	2.223	4.713
1037	2.253	4.73
1047	2.283	4.748
1057	2.313	4.765
1067	2.343	4.781
1076	2.373	4.798
1086	2.403	4.814
1096	2.433	4.829
1106	2.463	4.845
1116	2.493	4.86
1126	2.523	4.875
1135	2.553	4.89
1145	2.583	4.904
1155	2.614	4.918
1165	2.644	4.932
1175	2.674	4.946
1185	2.704	4.959
1194	2.734	4.973
1204	2.764	4.986
1214	2.794	4.999
1224	2.824	5.011
1234	2.854	5.024
1244	2.884	5.036
1253	2.914	5.048
1263	2.944	5.06
1273	2.974	5.071
300	3.004	997.9
309.8	3.034	994.7
319.7	3.064	990.9
329.5	3.094	986.3
339.3	3.124	981.2
349.1	3.154	975.6
359	3.184	969.5
368.8	3.214	962.9
378.6	3.244	955.8
388.5	3.274	948.4
398.3	3.304	940.5
408.1	3.334	932.2
417.9	3.364	923.4
427.8	3.394	914.3
437.6	3.424	904.7
447.4	3.454	894.7
457.3	3.484	884.2
467.1	3.514	873.2
476.9	3.544	861.7
486.7	3.574	849.6
496.6	3.604	836.8
506.4	3.635	823.4
516.2	3.665	809.1
526.1	3.695	17.99
535.9	3.725	17.53
545.7	3.755	17.12
555.5	3.785	16.77
565.4	3.815	16.44
575.2	3.845	16.15
585	3.875	15.88
594.8	3.905	15.63
604.7	3.935	15.4
614.5	3.965	15.19
624.3	3.995	14.98
634.2	4.025	14.79
644	4.055	14.62
653.8	4.085	14.45
663.6	4.115	14.29
673.5	4.145	14.13
683.3	4.175	13.99
693.1	4.205	13.85
703	4.235	13.72
712.8	4.265	13.59
722.6	4.295	13.47
732.4	4.325	13.35
742.3	4.355	13.24
752.1	4.385	13.13
761.9	4.415	13.03
771.8	4.445	12.93
781.6	4.475	12.83
791.4	4.505	12.74
801.2	4.535	12.65
811.1	4.565	12.56
820.9	4.595	12.48
830.7	4.625	12.4
840.6	4.655	12.32
850.4	4.686	12.24
860.2	4.716	12.16
870	4.746	12.09
879.9	4.776	12.02
889.7	4.806	11.95
899.5	4.836	11.89
909.4	4.866	11.82
919.2	4.896	11.76
929	4.926	11.7
938.8	4.956	11.63
948.7	4.986	11.58
958.5	5.016	11.52
968.3	5.046	11.46
978.2	5.076	11.41
988	5.106	11.36
997.8	5.136	11.3
1008	5.166	11.25
1017	5.196	11.2
1027	5.226	11.15
1037	5.256	11.11
1047	5.286	11.06
1057	5.316	11.01
1067	5.346	10.97
1076	5.376	10.93
1086	5.406	10.88
1096	5.436	10.84
1106	5.466	10.8
1116	5.496	10.76
1126	5.526	10.72
1135	5.556	10.68
1145	5.586	10.65
1155	5.616	10.61
1165	5.646	10.57
1175	5.676	10.54
1185	5.707	10.5
1194	5.737	10.47
1204	5.767	10.43
1214	5.797	10.4
1224	5.827	10.37
1234	5.857	10.33
1244	5.887	10.3
1253	5.917	10.27
1263	5.947	10.24
1273	5.977	10.21
300	6.007	999.2
309.8	6.037	996
319.7	6.067	992.2
329.5	6.097	987.6
339.3	6.127	982.5
349.1	6.157	976.9
359	6.187	970.8
368.8	6.217	964.3
378.6	6.247	957.2
388.5	6.277	949.8
398.3	6.307	942
408.1	6.337	933.7
417.9	6.367	925.1
427.8	6.397	916
437.6	6.427	906.5
447.4	6.457	896.6
457.3	6.487	886.2
467.1	6.517	875.4
476.9	6.547	864
486.7	6.577	852.1
496.6	6.607	839.5
506.4	6.637	826.3
516.2	6.667	812.4
526.1	6.697	797.5
535.9	6.728	781.7
545.7	6.758	764.7
555.5	6.788	746.2
565.4	6.818	33.93
575.2	6.848	32.6
585	6.878	31.49
594.8	6.908	30.53
604.7	6.938	29.68
614.5	6.968	28.93
624.3	6.998	28.25
634.2	7.028	27.63
644	7.058	27.07
653.8	7.088	26.54
663.6	7.118	26.06
673.5	7.148	25.6
683.3	7.178	25.18
693.1	7.208	24.78
703	7.238	24.4
712.8	7.268	24.04
722.6	7.298	23.7
732.4	7.328	23.38
742.3	7.358	23.07
752.1	7.388	22.78
761.9	7.418	22.5
771.8	7.448	22.23
781.6	7.478	21.98
791.4	7.508	21.73
801.2	7.538	21.49
811.1	7.568	21.26
820.9	7.598	21.04
830.7	7.628	20.83
840.6	7.658	20.62
850.4	7.688	20.42
860.2	7.718	20.23
870	7.748	20.04
879.9	7.779	19.86
889.7	7.809	19.69
899.5	7.839	19.52
909.4	7.869	19.35
919.2	7.899	19.19
929	7.929	19.04
938.8	7.959	18.89
948.7	7.989	18.74
958.5	8.019	18.59
968.3	8.049	18.45
978.2	8.079	18.32
988	8.109	18.19
997.8	8.139	18.06
1008	8.169	17.93
1017	8.199	17.81
1027	8.229	17.69
1037	8.259	17.57
1047	8.289	17.45
1057	8.319	17.34
1067	8.349	17.23
1076	8.379	17.12
1086	8.409	17.02
1096	8.439	16.91
1106	8.469	16.81
1116	8.499	16.71
1126	8.529	16.62
1135	8.559	16.52
1145	8.589	16.43
1155	8.619	16.34
1165	8.649	16.25
1175	8.679	16.16
1185	8.709	16.08
1194	8.739	15.99
1204	8.769	15.91
1214	8.8	15.83
1224	8.83	15.75
1234	8.86	15.67
1244	8.89	15.59
1253	8.92	15.52
1263	8.95	15.44
1273	8.98	15.37
300	9.01	1001
309.8	9.04	997.3
319.7	9.07	993.5
329.5	9.1	988.9
339.3	9.13	983.8
349.1	9.16	978.2
359	9.19	972.2
368.8	9.22	965.6
378.6	9.25	958.6
388.5	9.28	951.3
398.3	9.31	943.5
408.1	9.34	935.3
417.9	9.37	926.7
427.8	9.4	917.7
437.6	9.43	908.3
447.4	9.46	898.5
457.3	9.49	888.2
467.1	9.52	877.5
476.9	9.55	866.2
486.7	9.58	854.5
496.6	9.61	842.1
506.4	9.64	829.2
516.2	9.67	815.5
526.1	9.7	801
535.9	9.73	785.6
545.7	9.76	769.1
555.5	9.79	751.3
565.4	9.82	731.8
575.2	9.851	710.3
585	9.881	53.88
594.8	9.911	50.59
604.7	9.941	48.09
614.5	9.971	46.06
624.3	10	44.35
634.2	10.03	42.89
644	10.06	41.6
653.8	10.09	40.45
663.6	10.12	39.42
673.5	10.15	38.48
683.3	10.18	37.62
693.1	10.21	36.83
703	10.24	36.09
712.8	10.27	35.41
722.6	10.3	34.77
732.4	10.33	34.16
742.3	10.36	33.6
752.1	10.39	33.06
761.9	10.42	32.55
771.8	10.45	32.07
781.6	10.48	31.61
791.4	10.51	31.17
801.2	10.54	30.75
811.1	10.57	30.35
820.9	10.6	29.96
830.7	10.63	29.59
840.6	10.66	29.24
850.4	10.69	28.9
860.2	10.72	28.57
870	10.75	28.25
879.9	10.78	27.94
889.7	10.81	27.64
899.5	10.84	27.36
909.4	10.87	27.08
919.2	10.9	26.81
929	10.93	26.55
938.8	10.96	26.3
948.7	10.99	26.05
958.5	11.02	25.81
968.3	11.05	25.58
978.2	11.08	25.35
988	11.11	25.13
997.8	11.14	24.92
1008	11.17	24.71
1017	11.2	24.51
1027	11.23	24.31
1037	11.26	24.11
1047	11.29	23.93
1057	11.32	23.74
1067	11.35	23.56
1076	11.38	23.39
1086	11.41	23.21
1096	11.44	23.05
1106	11.47	22.88
1116	11.5	22.72
1126	11.53	22.56
1135	11.56	22.41
1145	11.59	22.26
1155	11.62	22.11
1165	11.65	21.97
1175	11.68	21.83
1185	11.71	21.69
1194	11.74	21.55
1204	11.77	21.42
1214	11.8	21.29
1224	11.83	21.16
1234	11.86	21.03
1244	11.89	20.91
1253	11.92	20.79
1263	11.95	20.67
1273	11.98	20.55
300	12.01	1002
309.8	12.04	998.6
319.7	12.07	994.7
329.5	12.1	990.2
339.3	12.13	985.1
349.1	12.16	979.5
359	12.19	973.5
368.8	12.22	967
378.6	12.25	960
388.5	12.28	952.7
398.3	12.31	945
408.1	12.34	936.8
417.9	12.37	928.3
427.8	12.4	919.4
437.6	12.43	910.1
447.4	12.46	900.3
457.3	12.49	890.2
467.1	12.52	879.6
476.9	12.55	868.5
486.7	12.58	856.9
496.6	12.61	844.7
506.4	12.64	831.9
516.2	12.67	818.5
526.1	12.7	804.3
535.9	12.73	789.3
545.7	12.76	773.3
555.5	12.79	756
565.4	12.82	737.4
575.2	12.85	716.9
585	12.88	693.9
594.8	12.91	667.6
604.7	12.94	76.83
614.5	12.97	70.21
624.3	13	65.67
634.2	13.03	62.2
644	13.06	59.4
653.8	13.09	57.06
663.6	13.12	55.06
673.5	13.15	53.3
683.3	13.18	51.74
693.1	13.21	50.34
703	13.24	49.07
712.8	13.27	47.91
722.6	13.3	46.84
732.4	13.33	45.85
742.3	13.36	44.94
752.1	13.39	44.08
761.9	13.42	43.27
771.8	13.45	42.51
781.6	13.48	41.8
791.4	13.51	41.12
801.2	13.54	40.48
811.1	13.57	39.86
820.9	13.6	39.28
830.7	13.63	38.72
840.6	13.66	38.19
850.4	13.69	37.68
860.2	13.72	37.19
870	13.75	36.72
879.9	13.78	36.27
889.7	13.81	35.83
899.5	13.84	35.41
909.4	13.87	35.01
919.2	13.9	34.62
929	13.93	34.24
938.8	13.96	33.87
948.7	13.99	33.52
958.5	14.02	33.17
968.3	14.05	32.84
978.2	14.08	32.51
988	14.11	32.2
997.8	14.14	31.89
1008	14.17	31.6
1017	14.2	31.31
1027	14.23	31.02
1037	14.26	30.75
1047	14.29	30.48
1057	14.32	30.22
1067	14.35	29.97
1076	14.38	29.72
1086	14.41	29.48
1096	14.44	29.24
1106	14.47	29.01
1116	14.51	28.78
1126	14.54	28.56
1135	14.57	28.35
1145	14.6	28.13
1155	14.63	27.93
1165	14.66	27.72
1175	14.69	27.53
1185	14.72	27.33
1194	14.75	27.14
1204	14.78	26.95
1214	14.81	26.77
1224	14.84	26.59
1234	14.87	26.42
1244	14.9	26.24
1253	14.93	26.08
1263	14.96	25.91
1273	14.99	25.75
300	15.02	1003
309.8	15.05	1000
319.7	15.08	996
329.5	15.11	991.5
339.3	15.14	986.4
349.1	15.17	980.8
359	15.2	974.8
368.8	15.23	968.3
378.6	15.26	961.4
388.5	15.29	954.1
398.3	15.32	946.4
408.1	15.35	938.3
417.9	15.38	929.9
427.8	15.41	921
437.6	15.44	911.8
447.4	15.47	902.2
457.3	15.5	892.1
467.1	15.53	881.6
476.9	15.56	870.6
486.7	15.59	859.2
496.6	15.62	847.2
506.4	15.65	834.7
516.2	15.68	821.5
526.1	15.71	807.6
535.9	15.74	792.9
545.7	15.77	777.2
555.5	15.8	760.5
565.4	15.83	742.6
575.2	15.86	723
585	15.89	701.3
594.8	15.92	676.9
604.7	15.95	648.4
614.5	15.98	613.1
624.3	16.01	100.6
634.2	16.04	89.95
644	16.07	83.13
653.8	16.1	78.12
663.6	16.13	74.17
673.5	16.16	70.93
683.3	16.19	68.18
693.1	16.22	65.81
703	16.25	63.71
712.8	16.28	61.85
722.6	16.31	60.17
732.4	16.34	58.65
742.3	16.37	57.25
752.1	16.4	55.96
761.9	16.43	54.77
771.8	16.46	53.66
781.6	16.49	52.62
791.4	16.52	51.64
801.2	16.55	50.72
811.1	16.58	49.86
820.9	16.61	49.03
830.7	16.64	48.25
840.6	16.67	47.51
850.4	16.7	46.8
860.2	16.73	46.13
870	16.76	45.48
879.9	16.79	44.86
889.7	16.82	44.27
899.5	16.85	43.7
909.4	16.88	43.15
919.2	16.91	42.62
929	16.94	42.11
938.8	16.97	41.62
948.7	17	41.14
958.5	17.03	40.68
968.3	17.06	40.24
978.2	17.09	39.81
988	17.12	39.39
997.8	17.15	38.98
1008	17.18	38.59
1017	17.21	38.21
1027	17.24	37.83
1037	17.27	37.47
1047	17.3	37.12
1057	17.33	36.78
1067	17.36	36.44
1076	17.39	36.12
1086	17.42	35.8
1096	17.45	35.49
1106	17.48	35.19
1116	17.51	34.9
1126	17.54	34.61
1135	17.57	34.33
1145	17.6	34.05
1155	17.63	33.78
1165	17.66	33.52
1175	17.69	33.26
1185	17.72	33.01
1194	17.75	32.76
1204	17.78	32.52
1214	17.81	32.29
1224	17.84	32.05
1234	17.87	31.83
1244	17.9	31.6
1253	17.93	31.39
1263	17.96	31.17
1273	17.99	30.96
300	18.02	1004
309.8	18.05	1001
319.7	18.08	997.3
329.5	18.11	992.7
339.3	18.14	987.7
349.1	18.17	982.1
359	18.2	976.1
368.8	18.23	969.6
378.6	18.26	962.8
388.5	18.29	955.5
398.3	18.32	947.9
408.1	18.35	939.9
417.9	18.38	931.4
427.8	18.41	922.7
437.6	18.44	913.5
447.4	18.47	903.9
457.3	18.5	894
467.1	18.53	883.6
476.9	18.56	872.8
486.7	18.59	861.5
496.6	18.62	849.7
506.4	18.65	837.3
516.2	18.68	824.3
526.1	18.71	810.7
535.9	18.74	796.3
545.7	18.77	781.1
555.5	18.8	764.9
565.4	18.83	747.5
575.2	18.86	728.7
585	18.89	708.1
594.8	18.92	685.2
604.7	18.95	659.2
614.5	18.98	628.3
624.3	19.01	588.9
634.2	19.04	524.8
644	19.07	121.3
653.8	19.1	107.8
663.6	19.13	99.24
673.5	19.16	92.95
683.3	19.19	88.02
693.1	19.22	83.98
703	19.25	80.58
712.8	19.28	77.65
722.6	19.31	75.07
732.4	19.34	72.79
742.3	19.37	70.73
752.1	19.4	68.87
761.9	19.43	67.16
771.8	19.46	65.6
781.6	19.49	64.15
791.4	19.52	62.8
801.2	19.55	61.55
811.1	19.58	60.37
820.9	19.61	59.26
830.7	19.64	58.21
840.6	19.67	57.22
850.4	19.7	56.29
860.2	19.73	55.4
870	19.76	54.55
879.9	19.79	53.74
889.7	19.82	52.96
899.5	19.85	52.22
909.4	19.88	51.51
919.2	19.91	50.83
929	19.94	50.17
938.8	19.97	49.54
948.7	20	48.93
958.5	20.03	48.35
968.3	20.06	47.78
978.2	20.09	47.23
988	20.12	46.7
997.8	20.15	46.19
1008	20.18	45.69
1017	20.21	45.21
1027	20.24	44.74
1037	20.27	44.28
1047	20.3	43.84
1057	20.33	43.41
1067	20.36	42.99
1076	20.39	42.59
1086	20.42	42.19
1096	20.45	41.8
1106	20.48	41.43
1116	20.51	41.06
1126	20.54	40.7
1135	20.57	40.35
1145	20.6	40.01
1155	20.63	39.68
1165	20.66	39.35
1175	20.69	39.03
1185	20.72	38.72
1194	20.75	38.42
1204	20.78	38.12
1214	20.81	37.83
1224	20.84	37.54
1234	20.87	37.26
1244	20.9	36.98
1253	20.93	36.72
1263	20.96	36.45
1273	20.99	36.19
300	21.02	1006
309.8	21.05	1002
319.7	21.08	998.5
329.5	21.11	994
339.3	21.14	988.9
349.1	21.17	983.4
359	21.2	977.4
368.8	21.23	971
378.6	21.26	964.1
388.5	21.29	956.9
398.3	21.32	949.3
408.1	21.35	941.3
417.9	21.38	933
427.8	21.41	924.3
437.6	21.44	915.2
447.4	21.47	905.7
457.3	21.5	895.9
467.1	21.53	885.6
476.9	21.56	874.9
486.7	21.59	863.7
496.6	21.62	852.1
506.4	21.65	839.9
516.2	21.68	827.1
526.1	21.71	813.7
535.9	21.74	799.7
545.7	21.77	784.8
555.5	21.8	769
565.4	21.83	752.1
575.2	21.86	734
585	21.89	714.3
594.8	21.92	692.7
604.7	21.95	668.5
614.5	21.98	640.7
624.3	22.01	607.3
634.2	22.04	563.1
644	22.07	484.2
653.8	22.1	163.5
663.6	22.13	136.7
673.5	22.16	122.7
683.3	22.19	113.2
693.1	22.22	106.1
703	22.25	100.5
712.8	22.28	95.88
722.6	22.31	91.97
732.4	22.34	88.59
742.3	22.37	85.62
752.1	22.4	82.98
761.9	22.43	80.61
771.8	22.46	78.46
781.6	22.49	76.49
791.4	22.52	74.68
801.2	22.55	73.01
811.1	22.58	71.45
820.9	22.61	70
830.7	22.64	68.64
840.6	22.67	67.36
850.4	22.7	66.15
860.2	22.73	65.01
870	22.76	63.93
879.9	22.79	62.91
889.7	22.82	61.93
899.5	22.85	60.99
909.4	22.88	60.1
919.2	22.91	59.25
929	22.94	58.43
938.8	22.97	57.65
948.7	23	56.89
958.5	23.03	56.17
968.3	23.06	55.47
978.2	23.09	54.79
988	23.12	54.14
997.8	23.15	53.51
1008	23.18	52.9
1017	23.21	52.31
1027	23.24	51.74
1037	23.27	51.18
1047	23.3	50.65
1057	23.33	50.12
1067	23.36	49.62
1076	23.39	49.12
1086	23.42	48.64
1096	23.45	48.18
1106	23.48	47.72
1116	23.51	47.28
1126	23.54	46.85
1135	23.57	46.43
1145	23.6	46.01
1155	23.63	45.61
1165	23.66	45.22
1175	23.69	44.84
1185	23.72	44.46
1194	23.75	44.1
1204	23.78	43.74
1214	23.81	43.39
1224	23.84	43.05
1234	23.87	42.71
1244	23.9	42.39
1253	23.93	42.06
1263	23.96	41.75
1273	23.99	41.44
300	24.02	1007
309.8	24.05	1004
319.7	24.08	1000
329.5	24.11	995.3
339.3	24.14	990.2
349.1	24.17	984.7
359	24.2	978.7
368.8	24.23	972.3
378.6	24.26	965.5
388.5	24.29	958.3
398.3	24.32	950.7
408.1	24.35	942.8
417.9	24.38	934.5
427.8	24.41	925.9
437.6	24.44	916.9
447.4	24.47	907.5
457.3	24.5	897.7
467.1	24.53	887.5
476.9	24.56	876.9
486.7	24.59	865.9
496.6	24.62	854.4
506.4	24.65	842.4
516.2	24.68	829.8
526.1	24.71	816.7
535.9	24.74	802.9
545.7	24.77	788.3
555.5	24.8	772.9
565.4	24.84	756.6
575.2	24.87	739.1
585	24.9	720.2
594.8	24.93	699.6
604.7	24.96	676.9
614.5	24.99	651.3
624.3	25.02	621.6
634.2	25.05	585.4
644	25.08	536.2
653.8	25.11	444.4
663.6	25.14	217.1
673.5	25.17	168.9
683.3	25.2	147.7
693.1	25.23	134.4
703	25.26	124.8
712.8	25.29	117.4
722.6	25.32	111.5
732.4	25.35	106.5
742.3	25.38	102.2
752.1	25.41	98.54
761.9	25.44	95.28
771.8	25.47	92.37
781.6	25.5	89.74
791.4	25.53	87.35
801.2	25.56	85.17
811.1	25.59	83.16
820.9	25.62	81.29
830.7	25.65	79.56
840.6	25.68	77.94
850.4	25.71	76.43
860.2	25.74	75
870	25.77	73.65
879.9	25.8	72.38
889.7	25.83	71.17
899.5	25.86	70.02
909.4	25.89	68.93
919.2	25.92	67.89
929	25.95	66.89
938.8	25.98	65.94
948.7	26.01	65.02
958.5	26.04	64.14
968.3	26.07	63.3
978.2	26.1	62.49
988	26.13	61.7
997.8	26.16	60.95
1008	26.19	60.22
1017	26.22	59.51
1027	26.25	58.83
1037	26.28	58.17
1047	26.31	57.53
1057	26.34	56.91
1067	26.37	56.31
1076	26.4	55.73
1086	26.43	55.16
1096	26.46	54.61
1106	26.49	54.07
1116	26.52	53.55
1126	26.55	53.04
1135	26.58	52.54
1145	26.61	52.06
1155	26.64	51.59
1165	26.67	51.13
1175	26.7	50.68
1185	26.73	50.24
1194	26.76	49.81
1204	26.79	49.39
1214	26.82	48.98
1224	26.85	48.58
1234	26.88	48.19
1244	26.91	47.81
1253	26.94	47.43
1263	26.97	47.06
1273	27	46.7
300	27.03	1008
309.8	27.06	1005
319.7	27.09	1001
329.5	27.12	996.5
339.3	27.15	991.4
349.1	27.18	985.9
359	27.21	980
368.8	27.24	973.6
378.6	27.27	966.8
388.5	27.3	959.7
398.3	27.33	952.2
408.1	27.36	944.3
417.9	27.39	936
427.8	27.42	927.5
437.6	27.45	918.5
447.4	27.48	909.2
457.3	27.51	899.5
467.1	27.54	889.4
476.9	27.57	879
486.7	27.6	868.1
496.6	27.63	856.7
506.4	27.66	844.9
516.2	27.69	832.5
526.1	27.72	819.6
535.9	27.75	806
545.7	27.78	791.8
555.5	27.81	776.7
565.4	27.84	760.8
575.2	27.87	743.8
585	27.9	725.7
594.8	27.93	706
604.7	27.96	684.5
614.5	27.99	660.7
624.3	28.02	633.7
634.2	28.05	602
644	28.08	562.9
653.8	28.11	509.1
663.6	28.14	414.8
673.5	28.17	263.8
683.3	28.2	201.1
693.1	28.23	172.9
703	28.26	155.6
712.8	28.29	143.5
722.6	28.32	134.3
732.4	28.35	127
742.3	28.38	120.9
752.1	28.41	115.8
761.9	28.44	111.4
771.8	28.47	107.5
781.6	28.5	104
791.4	28.53	100.9
801.2	28.56	98.1
811.1	28.59	95.54
820.9	28.62	93.19
830.7	28.65	91.02
840.6	28.68	89
850.4	28.71	87.12
860.2	28.74	85.37
870	28.77	83.72
879.9	28.8	82.17
889.7	28.83	80.7
899.5	28.86	79.31
909.4	28.89	78
919.2	28.92	76.74
929	28.95	75.55
938.8	28.98	74.41
948.7	29.01	73.32
958.5	29.04	72.28
968.3	29.07	71.28
978.2	29.1	70.32
988	29.13	69.39
997.8	29.16	68.5
1008	29.19	67.65
1017	29.22	66.82
1027	29.25	66.02
1037	29.28	65.25
1047	29.31	64.5
1057	29.34	63.78
1067	29.37	63.07
1076	29.4	62.39
1086	29.43	61.73
1096	29.46	61.09
1106	29.49	60.47
1116	29.52	59.86
1126	29.55	59.27
1135	29.58	58.7
1145	29.61	58.14
1155	29.64	57.6
1165	29.67	57.07
1175	29.7	56.55
1185	29.73	56.04
1194	29.76	55.55
1204	29.79	55.07
1214	29.82	54.6
1224	29.85	54.14
1234	29.88	53.69
1244	29.91	53.25
1253	29.94	52.82
1263	29.97	52.4
1273	30	51.98
